ParName   Value   Gradient
theta[2]      20.0244 -0.000772228
theta[3]      17.2537   -0.0177593
theta[5]     0.808466 -3.46916e-05
theta[7]    -0.642458 -8.87986e-06
theta[11]      1.05166 -3.55594e-05
theta[12]     0.743023 -3.73085e-05
theta[13]     0.954538 -3.45705e-05
theta[14]     0.788085  8.61639e-06
theta[15]     0.602976 -2.61959e-05
theta[16]       0.5474 -2.91457e-05
theta[17]     0.365492  2.97204e-06
theta[18]     0.381128 -1.33779e-05
theta[19]     0.398999  1.53915e-05
theta[20]     0.156745 -2.43905e-05
theta[21]     0.121334  4.37894e-05
theta[22]  -0.00235132 -2.99893e-05
theta[23]    0.0928142 -3.09442e-06
theta[24]   -0.0754073  1.69941e-06
theta[25]    -0.321985 -2.80101e-05
theta[26]    -0.478897 -1.49503e-05
theta[27]    -0.831168 -1.40056e-05
theta[28]     -1.29428 -1.56395e-05
theta[29]     -1.33694 -6.09694e-06
theta[50]      1.51325  7.25523e-06
theta[51]      1.50912  2.37577e-05
theta[52]      1.42123  7.49524e-06
theta[53]      1.18407  4.73351e-05
theta[54]      1.10807   3.8251e-05
theta[55]     0.633901 -9.08577e-06
theta[56]     0.229296 -2.93971e-06
theta[57]  -0.00859762  1.24671e-05
theta[58]    -0.204721  4.11311e-05
theta[59]    -0.547826  -3.2139e-05
theta[60]    -0.941347 -7.56898e-06
theta[61]     -1.20201  7.93254e-05
theta[62]     -1.43409  6.16718e-05
theta[63]     -1.81942 -2.30156e-05
theta[64]     -1.92732 -9.80884e-06
theta[65]     -1.87048 -2.51398e-05
G_pars_est[21]      1.02403 -1.06822e-05
G_pars_est[42]      1.38813 -1.31737e-05
G_pars_est[83]      142.872 -2.71107e-05
G_pars_est[84]    0.0554624   -2.636e-05
G_pars_est[85]      140.879  -0.00134842
G_pars_est[86]    0.0685652  0.000356708
M_pars_est[1]     0.230206   0.00100785
M_pars_est[2]      1.47637  0.000407909
M_pars_est[3]     0.141149  5.07582e-05
S_pars_est[1]      4.77983 -2.29737e-05
S_pars_est[2]      2.26998  1.08853e-05
S_pars_est[3]      5.13838 -2.72765e-05
S_pars_est[4]      2.79022  3.93219e-05
S_pars_est[5]       4.7115  7.35625e-05
S_pars_est[6]      2.16831  1.38301e-05
S_pars_est[7]      4.78926  3.99443e-05
S_pars_est[8]      2.29245  1.11218e-05
S_pars_est[9]      4.14054  1.24494e-05
S_pars_est[10]      2.26889  6.95152e-06
S_pars_est[11]      4.07852  4.37564e-05
S_pars_est[12]       3.5926  7.30237e-06
S_pars_est[13]      4.46471  0.000943059
S_pars_est[14]      2.53917 -3.23586e-05
S_pars_est[15]      4.56483  0.000145329
S_pars_est[16]      2.22637 -6.15136e-05
S_pars_est[17]      4.73666  4.07141e-06
S_pars_est[18]     0.902949 -2.75473e-06
S_pars_est[19]      4.92351   0.00295743
S_pars_est[20]     0.677098  8.29681e-06
S_pars_est[21]      4.93254  0.000297079
S_pars_est[22]     0.732238 -1.46742e-05
log_fbar[1]     -1.74373  -0.00224938
log_fbar[2]     -4.43362  9.97876e-05
log_fbar[3]     -5.72796 -0.000293972
log_fbar[4]     -6.58493 -0.000111798
log_fdev[1](1)     0.923878  6.37906e-05
log_fdev[1](2)     0.887182  6.45612e-05
log_fdev[1](3)     0.807867  8.10695e-05
log_fdev[1](4)      0.90089  5.34424e-05
log_fdev[1](5)      1.11349  2.40037e-05
log_fdev[1](6)       1.9791  0.000159212
log_fdev[1](7)       2.5195  1.51313e-05
log_fdev[1](8)     0.962222 -2.56408e-05
log_fdev[1](9)     -8.68398   1.1354e-05
log_fdev[1](10)      1.46861 -8.19004e-06
log_fdev[1](11)      1.49034  4.22666e-05
log_fdev[1](12)      1.57588  0.000185612
log_fdev[1](13)      1.06428  0.000144667
log_fdev[1](14)    0.0991031  9.24301e-05
log_fdev[1](15)     0.208676  9.08631e-05
log_fdev[1](16)     0.853382   0.00010173
log_fdev[1](17)     0.857377  9.05799e-05
log_fdev[1](18)     0.340232 -8.91102e-05
log_fdev[1](19)     0.996212  4.55568e-05
log_fdev[1](20)     -4.17083 -9.26791e-05
log_fdev[1](21)     -4.56596 -7.22653e-05
log_fdev[1](22)   -0.0769582  1.94609e-05
log_fdev[1](23)   -0.0121986  -2.2517e-05
log_fdev[1](24)     0.903486  7.91192e-06
log_fdev[1](25)     0.522744 -2.11553e-05
log_fdev[1](26)   -0.0668337   5.3566e-05
log_fdev[1](27)    -0.131925  6.08855e-05
log_fdev[1](28)   -0.0128202 -1.87041e-05
log_fdev[1](29)     0.447985  -3.3489e-05
log_fdev[1](30)     0.405214  0.000126313
log_fdev[1](31)     0.697183  8.30471e-05
log_fdev[1](32)     0.441741 -4.74146e-05
log_fdev[1](33)     0.806599 -1.46429e-05
log_fdev[1](34)     0.971816  9.73668e-05
log_fdev[1](35)     0.771506  0.000216888
log_fdev[1](36)     0.626376  9.76623e-05
log_fdev[1](37)   -0.0113519 -2.87614e-05
log_fdev[1](38)    -0.074919  5.07575e-06
log_fdev[1](39)     0.125068  4.04699e-05
log_fdev[1](40)     0.457167  0.000122389
log_fdev[1](41)     0.526887  0.000126237
log_fdev[1](42)     0.530829  3.42646e-06
log_fdev[1](43)     0.455173  2.61698e-05
log_fdev[1](44)     0.285814  4.72095e-05
log_fdev[1](45)      0.24346  4.99335e-06
log_fdev[1](46)    -0.183866 -9.41002e-05
log_fdev[1](47)     -4.62818  -0.00012527
log_fdev[1](48)     -4.68372 -9.43769e-05
log_fdev[1](49)     -0.96373  5.32689e-06
log_fdev[2](1)     0.287008  -0.00035524
log_fdev[2](2)     0.731931    0.0005012
log_fdev[2](3)     0.714156  0.000302124
log_fdev[2](4)     0.789742 -0.000299842
log_fdev[2](5)      1.50909 -6.40902e-05
log_fdev[2](6)      1.28724  0.000478026
log_fdev[2](7)      2.58248   2.7754e-05
log_fdev[2](8)      2.33808  0.000125229
log_fdev[2](9)      3.59513  5.62192e-05
log_fdev[2](10)      2.37719  3.51885e-05
log_fdev[2](11)      1.27165  -0.00119047
log_fdev[2](12)     0.782868  0.000917711
log_fdev[2](13)      1.54182 -0.000902631
log_fdev[2](14)     0.103129  0.000279173
log_fdev[2](15)      0.54493  0.000694058
log_fdev[2](16)     0.957199 -0.000147416
log_fdev[2](17)     0.795676 -0.000698188
log_fdev[2](18)      1.25631 -0.000219219
log_fdev[2](19)    -0.502239   0.00128003
log_fdev[2](20)    -0.778275 -0.000480658
log_fdev[2](21)    -0.701286  0.000162866
log_fdev[2](22)     -1.15296 -0.000114531
log_fdev[2](23)     0.142793 -0.000622828
log_fdev[2](24)    -0.148544  0.000442214
log_fdev[2](25)    -0.911772  0.000387866
log_fdev[2](26)    -0.134446  0.000369978
log_fdev[2](27)     -0.42495  0.000407845
log_fdev[2](28)    -0.520709  -0.00204881
log_fdev[2](29)    -0.289298    0.0011069
log_fdev[2](30)    -0.566778   0.00141568
log_fdev[2](31)    -0.399484  -0.00136075
log_fdev[2](32)    -0.327232  -0.00112118
log_fdev[2](33)    -0.359496  0.000350697
log_fdev[2](34)    -0.724254   0.00129298
log_fdev[2](35)    -0.881653   0.00034971
log_fdev[2](36)     -1.34171  -0.00129532
log_fdev[2](37)     -1.85239   0.00037735
log_fdev[2](38)     -1.12618 -0.000626892
log_fdev[2](39)     -1.68392 -0.000266406
log_fdev[2](40)      -1.2976   0.00174992
log_fdev[2](41)    -0.765377 -0.000816139
log_fdev[2](42)    -0.319257 -0.000352335
log_fdev[2](43)     -0.36753  0.000360324
log_fdev[2](44)    -0.322931 -1.21323e-06
log_fdev[2](45)    -0.303743 -9.73015e-05
log_fdev[2](46)     -1.25848    -0.000785
log_fdev[2](47)     -2.19935  0.000275245
log_fdev[2](48)     -1.94659  0.000256868
log_fdev[3](1)    -0.116348 -9.59473e-05
log_fdev[3](2)     0.669865 -3.31253e-05
log_fdev[3](3)      1.22828 -7.39564e-05
log_fdev[3](4)      1.09265 -4.92893e-05
log_fdev[3](5)      1.38237 -5.42501e-05
log_fdev[3](6)      1.42421  0.000128213
log_fdev[3](7)     0.992683  0.000104784
log_fdev[3](8)     0.476421  0.000162249
log_fdev[3](9)      -0.9874 -0.000144437
log_fdev[3](10)    -0.578735  3.89171e-05
log_fdev[3](11)     -1.09941  6.86004e-05
log_fdev[3](12)    -0.256272   4.9191e-05
log_fdev[3](13)     0.940092   3.6216e-05
log_fdev[3](14)      1.41817  7.52126e-05
log_fdev[3](15)      3.24638  7.03051e-05
log_fdev[3](16)      1.28078 -1.88158e-05
log_fdev[3](17)     0.547657 -1.27594e-05
log_fdev[3](18)    -0.766339  2.52684e-05
log_fdev[3](19)     -2.11861  3.53906e-05
log_fdev[3](20)     -2.98268 -3.95357e-05
log_fdev[3](21)     -2.42025 -5.92805e-05
log_fdev[3](22)     -3.51023  -4.9238e-05
log_fdev[3](23)    -0.836173 -7.03748e-05
log_fdev[3](24)    -0.108043  6.63867e-06
log_fdev[3](25)      1.08093 -7.02567e-05
log_fdev[4](1)     0.531697  0.000610565
log_fdev[4](2)    -0.125922 -0.000574289
log_fdev[4](3)    -0.357822  0.000473593
log_fdev[4](4)       0.5571   -0.0005063
log_fdev[4](5)     -1.86308 -0.000585568
log_fdev[4](6)    0.0988286 -0.000270073
log_fdev[4](7)    -0.156093  0.000985665
log_fdev[4](8)    -0.990373 -0.000183988
log_fdev[4](9)    -0.816752  0.000559017
log_fdev[4](10)    -0.549719 -0.000497611
log_fdev[4](11)    -0.595194 -0.000314334
log_fdev[4](12)   -0.0515731 -0.000771317
log_fdev[4](13)    -0.759639  0.000743032
log_fdev[4](14)     -1.76173 -0.000324223
log_fdev[4](15)     -2.59795  7.63314e-05
log_fdev[4](16)     -1.10735  0.000454375
log_fdev[4](17)    -0.539826   4.9146e-05
log_fdev[4](18)     0.607808  0.000311232
log_fdev[4](19)      1.46223  -0.00078831
log_fdev[4](20)      1.15145 -0.000170706
log_fdev[4](21)     0.257453  0.000256858
log_fdev[4](22)      1.53778 -0.000279097
log_fdev[4](23)      1.93613 -0.000498754
log_fdev[4](24)      1.08672   0.00141873
log_fdev[4](25)    0.0475453  1.41826e-05
log_fdev[4](26)      1.16539  -0.00123175
log_fdev[4](27)      1.18959 -1.89776e-05
log_fdev[4](28)     0.643298   0.00049696
log_foff[1]     -2.75298 -0.000139338
log_foff[3]    -0.126946  6.97465e-05
log_fdov[1](1)      1.91298  1.75514e-05
log_fdov[1](2)    -0.746366  0.000102198
log_fdov[1](3)      1.92524  0.000122362
log_fdov[1](4)       1.7631  9.63314e-05
log_fdov[1](5)    -0.456403  3.15515e-05
log_fdov[1](6)    -0.242296  1.97023e-05
log_fdov[1](7)      -3.7333  1.38937e-05
log_fdov[1](8)    -0.376768  7.94645e-05
log_fdov[1](9)      1.38796  7.68121e-05
log_fdov[1](10)     -2.83149 -1.91769e-05
log_fdov[1](11)      1.10735 -9.57002e-05
log_fdov[1](12)     0.824003 -7.08004e-05
log_fdov[1](13)     -1.92985 -1.52591e-05
log_fdov[1](14)      1.16884  4.40324e-05
log_fdov[1](15)     0.376053 -7.07747e-05
log_fdov[1](16)     0.894475  2.75609e-06
log_fdov[1](17)     -1.27763  4.63824e-05
log_fdov[1](18)    -0.235018  0.000111055
log_fdov[1](19)    -0.496852 -3.60158e-05
log_fdov[1](20)    -0.748768 -0.000127983
log_fdov[1](21)    -0.251533  1.63346e-05
log_fdov[1](22)     -1.13282  8.30833e-05
log_fdov[1](23)     -1.84911  8.02725e-05
log_fdov[1](24)     0.164206 -2.38707e-05
log_fdov[1](25)     -0.24258   -6.922e-05
log_fdov[1](26)     0.820392 -4.54367e-05
log_fdov[1](27)     0.271124  2.79218e-06
log_fdov[1](28)    -0.387628  1.30717e-05
log_fdov[1](29)     0.920546 -3.38017e-05
log_fdov[1](30)    -0.167363 -6.62079e-05
log_fdov[1](31)    -0.696657  2.76062e-05
log_fdov[1](32)      2.89044  -1.1607e-05
log_fdov[1](33)      1.20025  3.53771e-05
log_fdov[1](34)     0.171526  1.28544e-05
log_fdov[3](1) -2.34732e-05  0.000150264
log_fdov[3](2)  6.97321e-05  9.74223e-05
log_fdov[3](3)  0.000289508 -4.22057e-05
log_fdov[3](4)  0.000240598 -8.32652e-05
log_fdov[3](5)  0.000398698  -0.00011485
log_fdov[3](6)  9.31913e-05 -5.01807e-05
log_fdov[3](7) -8.06907e-05   3.2655e-05
log_fdov[3](8) -0.000132968 -6.99471e-05
log_fdov[3](9) -0.000136229  0.000182276
log_fdov[3](10) -8.09384e-05 -0.000153938
log_fdov[3](11) -9.16396e-05 -8.80711e-05
log_fdov[3](12)   5.3059e-05 -1.57977e-05
log_fdov[3](13)  0.000265319   1.7336e-06
log_fdov[3](14)  0.000650542  -6.0019e-05
log_fdov[3](15)       1.4975 -6.90122e-05
log_fdov[3](16)      1.78473 -7.19084e-05
log_fdov[3](17)     0.592393 -3.51207e-05
log_fdov[3](18)      -3.4423 -1.22372e-05
log_fdov[3](19)      -2.1771 -7.05525e-05
log_fdov[3](20)    -0.801287  -6.6204e-05
log_fdov[3](21)    0.0419827  0.000105948
log_fdov[3](22)     0.400538   3.3253e-05
log_fdov[3](23)      0.98142  3.71556e-05
log_fdov[3](24)     0.198376 -5.57368e-06
log_fdov[3](25)     0.922219  5.50834e-05
rec_dev_est(1975)      0.29495 -0.000209207
rec_dev_est(1976)    -0.141604 -0.000115749
rec_dev_est(1977)     0.276907 -0.000184055
rec_dev_est(1978)     0.887935  -0.00020709
rec_dev_est(1979)      1.17985 -0.000190879
rec_dev_est(1980)     0.380015 -0.000137227
rec_dev_est(1981)      1.70731   -0.0005892
rec_dev_est(1982)     0.738142 -0.000266771
rec_dev_est(1983)     0.351844 -0.000513703
rec_dev_est(1984)     -1.45379 -0.000248871
rec_dev_est(1985)    -0.394453 -0.000590654
rec_dev_est(1986)     -1.50479 -0.000276883
rec_dev_est(1987)     -1.94129 -0.000136837
rec_dev_est(1988)     -1.71091 -0.000245471
rec_dev_est(1989)    -0.756544 -0.000683745
rec_dev_est(1990)     -1.16512 -0.000302902
rec_dev_est(1991)     -2.58512 -4.71851e-05
rec_dev_est(1992)     -1.57582 -8.27103e-05
rec_dev_est(1993)     -2.76334 -2.77722e-05
rec_dev_est(1994)     0.269775  -0.00102555
rec_dev_est(1995)      -1.5152  -0.00025869
rec_dev_est(1996)     -2.27883 -6.29556e-05
rec_dev_est(1997)     -1.29816 -6.76058e-05
rec_dev_est(1998)    -0.273676 -0.000471116
rec_dev_est(1999)     -1.21471 -0.000457377
rec_dev_est(2000)     -1.33391 -0.000312047
rec_dev_est(2001)     0.163885 -0.000691634
rec_dev_est(2002)     -1.31671 -0.000100499
rec_dev_est(2003)     -1.39724  -0.00019669
rec_dev_est(2004)    -0.149969 -0.000730271
rec_dev_est(2005)     -0.79418 -0.000196439
rec_dev_est(2006)     -1.22268 -0.000468396
rec_dev_est(2007)     -1.77553 -0.000444894
rec_dev_est(2008)      -1.6501 -0.000483827
rec_dev_est(2009)    -0.754523 -0.000741105
rec_dev_est(2010)     -1.20961 -0.000346502
rec_dev_est(2011)     -1.80204 -0.000245735
rec_dev_est(2012)     -2.11244 -0.000535205
rec_dev_est(2013)     -2.60803 -0.000417656
rec_dev_est(2014)     -2.14749 -0.000425538
rec_dev_est(2015)     -1.48624 -0.000366669
rec_dev_est(2016)     -2.25714 -0.000140051
rec_dev_est(2017)     -1.57604  -0.00028011
rec_dev_est(2018)     -2.22156 -4.56969e-06
rec_dev_est(2019)     -2.05514  2.79859e-05
rec_dev_est(2020)     -2.26596 -1.45094e-05
rec_dev_est(2021)       -1.436 -0.000112146
rec_dev_est(2022)     -1.73926 -4.32159e-05
rec_dev_est(2023)     -2.37242 -1.50807e-05
logit_rec_prop_est(1975)     0.094152  0.000544005
logit_rec_prop_est(1976)    -0.754646  0.000573486
logit_rec_prop_est(1977)    -0.145247  0.000243978
logit_rec_prop_est(1978)    -0.323031  5.99484e-05
logit_rec_prop_est(1979)     0.259594   0.00034602
logit_rec_prop_est(1980)     0.424883  0.000582636
logit_rec_prop_est(1981)     0.503776  -0.00071212
logit_rec_prop_est(1982)     0.622485 -7.06604e-05
logit_rec_prop_est(1983)    0.0815527 -0.000475375
logit_rec_prop_est(1984)     0.415109  0.000234684
logit_rec_prop_est(1985)    -0.455193   -0.0010902
logit_rec_prop_est(1986)     0.227634  5.13182e-05
logit_rec_prop_est(1987)    -0.196552  0.000242222
logit_rec_prop_est(1988)     0.372137  9.81587e-05
logit_rec_prop_est(1989)   -0.0698569 -0.000839469
logit_rec_prop_est(1990)     0.187244 -8.39697e-05
logit_rec_prop_est(1991)     0.599074  0.000745394
logit_rec_prop_est(1992)     0.326303  0.000408232
logit_rec_prop_est(1993)     -1.38683  0.000845595
logit_rec_prop_est(1994)    -0.315213  -0.00177433
logit_rec_prop_est(1995)      1.39235   0.00056711
logit_rec_prop_est(1996)     0.179924  0.000729031
logit_rec_prop_est(1997)     0.515023  0.000419928
logit_rec_prop_est(1998)   -0.0811918 -0.000346139
logit_rec_prop_est(1999)     0.298723  0.000410278
logit_rec_prop_est(2000)    -0.730653  0.000417884
logit_rec_prop_est(2001)    -0.481016  -0.00150901
logit_rec_prop_est(2002)    -0.453254  0.000234592
logit_rec_prop_est(2003)    -0.086795  0.000226381
logit_rec_prop_est(2004)    -0.392368  -0.00145734
logit_rec_prop_est(2005)    -0.108388 -0.000659894
logit_rec_prop_est(2006)     0.437849  -0.00030268
logit_rec_prop_est(2007)    -0.126861 -4.01291e-05
logit_rec_prop_est(2008)    -0.538163 -0.000196577
logit_rec_prop_est(2009)    -0.695184  -0.00212484
logit_rec_prop_est(2010)    -0.430018  -0.00143768
logit_rec_prop_est(2011)    -0.589762 -0.000426992
logit_rec_prop_est(2012)    -0.157742 -0.000287876
logit_rec_prop_est(2013)    -0.482612   0.00015331
logit_rec_prop_est(2014)    -0.413832 -6.26356e-05
logit_rec_prop_est(2015)     0.248535  -0.00055198
logit_rec_prop_est(2016)     0.415829  0.000414413
logit_rec_prop_est(2017)     0.630206  0.000458904
logit_rec_prop_est(2018)    -0.213201  0.000768895
logit_rec_prop_est(2019)     0.502072   0.00088112
logit_rec_prop_est(2020)     0.417857  0.000894452
logit_rec_prop_est(2021)    0.0682527  0.000948874
logit_rec_prop_est(2022)    0.0173769  0.000837152
logit_rec_prop_est(2023)     0.389661  0.000804155
survey_q[1]     0.932159 -0.000152585
log_add_cv[2]     -1.01372 -1.88889e-05
